OPT=GEOMETRY
8 32 48
0.0 0.0 0.0 4.0 6
6.3681
3.4703
2.7616
1.4236
0.9084
0.7516
2.2 0.0 0.0 4.0 6
6.3681
3.4703
2.7616
1.4236
0.9084
0.7516
0.0 2.2 0.0 4.0 6
6.3681
3.4703
2.7616
1.4236
0.9084
0.7516
2.2 2.2 0.0 4.0 6
6.3681
3.4703
2.7616
1.4236
0.9084
0.7516
0.0 0.0 2.2 4.0 6
6.3681
3.4703
2.7616
1.4236
0.9084
0.7516
2.2 0.0 2.2 4.0 6
6.3681
3.4703
2.7616
1.4236
0.9084
0.7516
0.0 2.2 2.2 4.0 6
6.3681
3.4703
2.7616
1.4236
0.9084
0.7516
2.2 2.2 2.2 4.0 6
6.3681
3.4703
2.7616
1.4236
0.9084
0.7516