OPT=GEOMETRY
15 32 39
0.0 0.0 0.0 4.0 4
3.4703
2.7616
1.4236
0.9084
2.2 0.0 0.0 4.0 4
3.4703
2.7616
1.4236
0.9084
0.0 2.2 0.0 4.0 4
3.4703
2.7616
1.4236
0.9084
2.2 2.2 0.0 4.0 4
3.4703
2.7616
1.4236
0.9084
0.0 0.0 2.2 4.0 4
3.4703
2.7616
1.4236
0.9084
2.2 0.0 2.2 4.0 4
3.4703
2.7616
1.4236
0.9084
0.0 2.2 2.2 4.0 4
3.4703
2.7616
1.4236
0.9084
2.2 2.2 2.2 4.0 4
3.4703
2.7616
1.4236
0.9084
1.1 1.1 1.1 0.0 1
2.0
1.1 1.1 0.0 0.0 1
2.0
1.1 1.1 2.2 0.0 1
2.0
1.1 0.0 1.1 0.0 1
2.0
1.1 2.2 1.1 0.0 1
2.0
0.0 1.1 1.1 0.0 1
2.0
2.2 1.1 1.1 0.0 1
2.0